MERGED BASE DNA
GAP -8 -6
   A  C  G  T  K  M  R  S  W  Y  N  X
A  2 -4 -4 -4 -4  1  1 -4  1 -4  0 -4
C -4  2 -4 -4 -4  1 -4  1 -4  1  0 -4
G -4 -4  2 -4  1 -4  1  1 -4 -4  0 -4
T -4 -4 -4  2  1 -4 -4 -4  1  1  0 -4
K -4 -4  1  1  1 -4  0  0  0  0  0 -4
M  1  1 -4 -4 -4  1  0  0  0  0  0 -4
R  1 -4  1 -4  0  0  1  0  0 -4  0 -4
S -4  1  1 -4  0  0  0  1 -4  0  0 -4
W  1 -4 -4  1  0  0  0 -4  1  0  0 -4
Y -4  1 -4  1  0  0 -4  0  0  1  0 -4
N  0  0  0  0  0  0  0  0  0  0  0 -4
X -4 -4 -4 -4 -4 -4 -4 -4 -4 -4 -4 -4
